Webcamera

Camera Calibrated:  4.004914413851665

Camera Matrix:
  [[1.39738870e+03 0.00000000e+00 7.09700723e+02]
 [0.00000000e+00 1.08480951e+03 5.04363018e+02]
 [0.00000000e+00 0.00000000e+00 1.00000000e+00]]

Distrotion Parameters:
  [[-0.30538482  0.54474872  0.12218095  0.04989102 -0.24468923]]

Rotation Vectors:
 (array([[-0.59794794],
       [-0.34745391],
       [ 1.11444375]]), array([[0.87717458],
       [0.11484865],
       [1.46506175]]), array([[0.79445303],
       [0.08306674],
       [1.52135637]]), array([[0.84703252],
       [0.26733791],
       [1.10452424]]), array([[-1.43579379],
       [ 0.02113032],
       [ 2.22081442]]), array([[0.77645555],
       [0.38386337],
       [1.49018813]]), array([[0.68542262],
       [0.117512  ],
       [1.36506078]]), array([[-0.90023669],
       [-0.94365329],
       [ 0.89923455]]), array([[ 0.93994082],
       [-1.1322132 ],
       [-1.7896798 ]]), array([[0.33873075],
       [0.36740185],
       [0.28869308]]), array([[ 0.24124398],
       [-1.31655879],
       [-0.3143631 ]]), array([[-1.36283125],
       [-0.07956747],
       [ 2.40029706]]), array([[0.99471022],
       [0.08509335],
       [1.58424396]]), array([[-0.81565482],
       [-1.13365013],
       [ 0.85568762]]), array([[-0.03859683],
       [-1.03412551],
       [-0.0975641 ]]))

Translation Vectors:
  (array([[-580.46373775],
       [-441.05557356],
       [1596.49460092]]), array([[-173.87830793],
       [-334.43643776],
       [ 623.16776723]]), array([[-353.22481119],
       [-592.85440668],
       [1400.02740334]]), array([[-214.15682206],
       [-349.51486346],
       [ 659.51304067]]), array([[-258.25089881],
       [-201.45420027],
       [ 849.63672001]]), array([[-104.68807748],
       [-333.65018336],
       [ 761.27040008]]), array([[-346.65355661],
       [-363.04707758],
       [ 957.16683348]]), array([[-474.52950043],
       [-501.63700774],
       [1248.23319295]]), array([[-404.54039535],
       [-220.93189409],
       [ 882.16384648]]), array([[-249.37508531],
       [-277.63866489],
       [ 837.03991653]]), array([[-419.55893139],
       [-591.76202339],
       [ 863.90352091]]), array([[-387.59311024],
       [-468.07355359],
       [1414.07209616]]), array([[-350.79230892],
       [-677.83340071],
       [1081.75628561]]), array([[-256.58175958],
       [-295.14402479],
       [ 545.6179597 ]]), array([[-389.70291786],
       [-410.24890015],
       [1115.34720158]]))

total error: 0.5014903350643022
